56 45
-55 80 0 -55 -80 0 -40 -80 0 -40 80 0 -15 -80 0 0 -80 0 -25 0 0 0 80 0 -15 80 0 -40 0 0
-55 80 5 -55 -80 5 -40 -80 5 -40 80 5 -15 -80 5 0 -80 5 -25 0 5 0 80 5 -15 80 5 -40 0 5
10 80 0 60 80 0 60 65 0 10 65 0 10 15 0 25 15 0 25 65 0 45 65 0 45 15 0 60 15 0 60 0 0 10 0 0 25 0 0 25 -80 0 10 -80 0 50 -80 0 65 -80 0 40 0 0
10 80 5 60 80 5 60 65 5 10 65 5 10 15 5 25 15 5 25 65 5 45 65 5 45 15 5 60 15 5 60 0 5 10 0 5 25 0 5 25 -80 5 10 -80 5 50 -80 5 65 -80 5 40 0 5
4 0 1 2 3
4 9 4 5 6
4 6 7 8 9
4 10 11 12 13
4 19 14 15 16
4 16 17 18 19
4 0 1 11 10
4 0 10 13 3
4 1 2 12 11
4 9 19 12 2
4 3 13 19 9
4 9 4 14 19
4 4 5 15 14
4 6 16 15 5
4 7 17 16 6
4 8 18 17 7
4 8 9 19 18
4 20 23 22 21
4 23 24 25 26
4 27 28 29 22
4 24 31 30 29
4 32 35 36 37
4 41 40 39 38
4 41 42 43 44
4 45 46 47 40
4 47 42 49 48
4 50 53 54 55
4 20 38 39 21
4 21 39 48 30
4 26 27 45 44
4 27 28 46 45
4 25 43 46 28
4 26 44 43 25
4 20 34 52 38
4 33 34 52 51
4 35 36 54 53
4 32 35 53 50
4 32 33 51 50
4 37 55 54 36
4 37 30 48 55
4 50 51 52 49
4 49 31 32 50
4 30 32 50 48
4 31 49 52 32
4 31 32 50 49
4 31 34 33 32
4 49 50 51 52